x_0	f(x)
0.184	147.789875504652
0.185	59.6879929204787
0.186	39.2436556071045
0.187	30.1434546167007
0.188	24.9960134413139
0.189	21.6854224015072
0.19	19.3772987511407
0.191	17.6761579587440
0.192	16.3703690143217
0.193	15.3364406504601
0.194	14.4974630047174
0.195	13.8030369358607
0.196	13.2187575182217
0.197	12.7203356910206
0.198	12.2901349504637
0.199	11.9150397129239
0.2	11.5850939479097
0.201	11.2926037990331
0.202	11.0315296145665
0.203	10.7970640498990
0.204	10.5853330268917
0.205	10.3931797433945
0.206	10.2180060143606
0.207	10.0576539425491
0.208	9.91031644494208
0.209	9.77446874597796
0.21	9.64881532091787
0.211	9.53224837144949
0.212	9.42381501138059
0.213	9.32269110290579
0.214	9.22816022228941
0.215	9.13959661885712
0.216	9.05645130995188
0.217	8.97824065861240
0.218	8.90453693175233
0.219	8.83496044946333
0.22	8.76917302116480
0.221	8.70687242905535
0.222	8.64778776896223
0.223	8.59167549704515
0.224	8.53831606066825
0.225	8.48751101515326
0.226	8.43908054658206
0.227	8.39286133546394
0.228	8.34870470777367
0.229	8.30647502925075
0.23	8.26604830642179
0.231	8.22731096394838
0.232	8.19015877290607
0.233	8.15449590869544
0.234	8.12023412065369
0.235	8.08729199821471
0.236	8.05559432077012
0.237	8.02507148030100
0.238	7.99565896745156
0.239	7.96729691305801
0.24	7.93992967827482
0.241	7.91350548739277
0.242	7.88797609824957
0.243	7.86329650581812
0.244	7.83942467514026
0.245	7.81632130027150
0.246	7.79394958632846
0.247	7.77227505209635
0.248	7.75126535096883
0.249	7.73089010826413
0.25	7.71112077319636
0.251	7.69193048398456
0.252	7.67329394475896
0.253	7.65518731307801
0.254	7.63758809700430
0.255	7.62047506080472
0.256	7.60382813844353
0.257	7.58762835412714
0.258	7.57185774923895
0.259	7.55649931507263
0.26	7.54153693083397
0.261	7.52695530643613
0.262	7.51273992966130
0.263	7.49887701730494
0.264	7.48535346995669
0.265	7.47215683010593
0.266	7.45927524329036
0.267	7.44669742203282
0.268	7.43441261233548
0.269	7.42241056252256
0.27	7.41068149424149
0.271	7.39921607545022
0.272	7.38800539523368
0.273	7.37704094030657
0.274	7.36631457307204
0.275	7.35581851111761
0.276	7.34554530803945
0.277	7.33548783549584
0.278	7.32563926639877
0.279	7.31599305916045
0.28	7.30654294291812
0.281	7.29728290366721
0.282	7.28820717123820
0.283	7.27931020705795
0.284	7.27058669264096
0.285	7.26203151876014
0.286	7.25363977525092
0.287	7.24540674140574
0.288	7.23732787691949
0.289	7.22939881334943
0.29	7.22161534605561
0.291	7.21397342659086
0.292	7.20646915551103
0.293	7.19909877557887
0.294	7.19185866533653
0.295	7.18474533302366
0.296	7.17775541081945
0.297	7.17088564938886
0.298	7.16413291271428
0.299	7.15749417319551
0.3	7.15096650700177
0.301	7.14454708966087
0.302	7.13823319187149
0.303	7.13202217552556
0.304	7.12591148992844
0.305	7.11989866820566
0.306	7.11398132388544
0.307	7.10815714764711
0.308	7.10242390422610
0.309	7.09677942946670
0.31	7.09122162751461
0.311	7.08574846814134
0.312	7.08035798419352
0.313	7.07504826916025
0.314	7.06981747485223
0.315	7.06466380918663
0.316	7.05958553407222
0.317	7.05458096338947
0.318	7.04964846106066
0.319	7.04478643920537
0.32	7.03999335637699
0.321	7.03526771587611
0.322	7.03060806413691
0.323	7.02601298918287
0.324	7.02148111914844
0.325	7.01701112086322
0.326	7.01260169849585
0.327	7.00825159225445
0.328	7.00395957714099
0.329	6.99972446175698
0.33	6.99554508715810
0.331	6.99142032575528
0.332	6.98734908026019
0.333	6.98333028267306
0.334	6.97936289331070
0.335	6.97544589987312
0.336	6.97157831654672
0.337	6.96775918314262
0.338	6.96398756426830
0.339	6.96026254853128
0.34	6.95658324777325
0.341	6.95294879633335
0.342	6.94935835033936
0.343	6.94581108702546
0.344	6.94230620407554
0.345	6.93884291899084
0.346	6.93542046848094
0.347	6.93203810787708
0.348	6.92869511056685
0.349	6.92539076744935
0.35	6.92212438641000
0.351	6.91889529181412
0.352	6.91570282401852
0.353	6.91254633890039
0.354	6.90942520740273
0.355	6.90633881509570
0.356	6.90328656175314
0.357	6.90026786094387
0.358	6.89728213963681
0.359	6.89432883781985
0.36	6.89140740813142
0.361	6.88851731550466
0.362	6.88565803682350
0.363	6.88282906059018
0.364	6.88002988660390
0.365	6.87726002564998
0.366	6.87451899919932
0.367	6.87180633911764
0.368	6.86912158738412
0.369	6.86646429581925
0.37	6.86383402582133
0.371	6.86123034811139
0.372	6.85865284248630
0.373	6.85610109757961
0.374	6.85357471062998
0.375	6.85107328725680
0.376	6.84859644124285
0.377	6.84614379432362
0.378	6.84371497598324
0.379	6.84130962325654
0.38	6.83892738053724
0.381	6.83656789939191
0.382	6.83423083837956
0.383	6.83191586287668
0.384	6.82962264490745
0.385	6.82735086297909
0.386	6.82510020192196
0.387	6.82287035273452
0.388	6.82066101243267
0.389	6.81847188390365
0.39	6.81630267576404
0.391	6.81415310222196
0.392	6.81202288294316
0.393	6.80991174292099
0.394	6.80781941235009
0.395	6.80574562650354
0.396	6.80369012561367
0.397	6.80165265475600
0.398	6.79963296373663
0.399	6.79763080698258
0.4	6.79564594343528
0.401	6.79367813644698
0.402	6.79172715367997
0.403	6.78979276700854
0.404	6.78787475242369
0.405	6.78597288994027
0.406	6.78408696350683
0.407	6.78221676091764
0.408	6.78036207372728
0.409	6.77852269716736
0.41	6.77669843006552
0.411	6.77488907476649
0.412	6.77309443705530
0.413	6.77131432608246
0.414	6.76954855429105
0.415	6.76779693734576
0.416	6.76605929406374
0.417	6.76433544634718
0.418	6.76262521911767
0.419	6.76092844025221
0.42	6.75924494052082
0.421	6.75757455352578
0.422	6.75591711564232
0.423	6.75427246596086
0.424	6.75264044623064
0.425	6.75102090080481
0.426	6.74941367658680
0.427	6.74781862297807
0.428	6.74623559182709
0.429	6.74466443737966
0.43	6.74310501623028
0.431	6.74155718727486
0.432	6.74002081166448
0.433	6.73849575276027
0.434	6.73698187608936
0.435	6.73547904930194
0.436	6.73398714212929
0.437	6.73250602634277
0.438	6.73103557571383
0.439	6.72957566597500
0.44	6.72812617478163
0.441	6.72668698167470
0.442	6.72525796804438
0.443	6.72383901709449
0.444	6.72243001380773
0.445	6.72103084491173
0.446	6.71964139884590
0.447	6.71826156572897
0.448	6.71689123732735
0.449	6.71553030702409
0.45	6.71417866978869
0.451	6.71283622214741
0.452	6.71150286215440
0.453	6.71017848936339
0.454	6.70886300479999
0.455	6.70755631093467
0.456	6.70625831165626
0.457	6.70496891224611
0.458	6.70368801935272
0.459	6.70241554096703
0.46	6.70115138639811
0.461	6.69989546624954
0.462	6.69864769239612
0.463	6.69740797796124
0.464	6.69617623729463
0.465	6.69495238595060
0.466	6.69373634066679
0.467	6.69252801934329
0.468	6.69132734102230
0.469	6.69013422586811
0.47	6.68894859514757
0.471	6.68777037121095
0.472	6.68659947747317
0.473	6.68543583839548
0.474	6.68427937946743
0.475	6.68313002718929
0.476	6.68198770905480
0.477	6.68085235353423
0.478	6.67972389005789
0.479	6.67860224899984
0.48	6.67748736166205
0.481	6.67637916025878
0.482	6.67527757790137
0.483	6.67418254858323
0.484	6.67309400716520
0.485	6.67201188936122
0.486	6.67093613172419
0.487	6.66986667163218
0.488	6.66880344727491
0.489	6.66774639764048
0.49	6.66669546250233
0.491	6.66565058240653
0.492	6.66461169865920
0.493	6.66357875331433
0.494	6.66255168916166
0.495	6.66153044971495
0.496	6.66051497920035
0.497	6.65950522254508
0.498	6.65850112536628
0.499	6.65750263396007
0.5	6.65650969529086
0.501	6.65552225698079
0.502	6.65454026729946
0.503	6.65356367515372
0.504	6.65259243007783
0.505	6.65162648222362
0.506	6.65066578235099
0.507	6.64971028181842
0.508	6.64875993257384
0.509	6.64781468714553
0.51	6.64687449863322
0.511	6.64593932069937
0.512	6.64500910756065
0.513	6.64408381397943
0.514	6.64316339525562
0.515	6.64224780721850
0.516	6.64133700621874
0.517	6.64043094912065
0.518	6.63952959329441
0.519	6.63863289660858
0.52	6.63774081742265
0.521	6.63685331457980
0.522	6.63597034739970
0.523	6.63509187567151
0.524	6.63421785964696
0.525	6.63334826003359
0.526	6.63248303798806
0.527	6.63162215510961
0.528	6.63076557343359
0.529	6.62991325542522
0.53	6.62906516397327
0.531	6.62822126238401
0.532	6.62738151437521
0.533	6.62654588407019
0.534	6.62571433599205
0.535	6.62488683505798
0.536	6.62406334657362
0.537	6.62324383622755
0.538	6.62242827008589
0.539	6.62161661458694
0.54	6.62080883653599
0.541	6.62000490310011
0.542	6.61920478180309
0.543	6.61840844052050
0.544	6.61761584747474
0.545	6.61682697123024
0.546	6.61604178068873
0.547	6.61526024508454
0.548	6.61448233398004
0.549	6.61370801726111
0.55	6.61293726513272
0.551	6.61217004811455
0.552	6.61140633703667
0.553	6.61064610303535
0.554	6.60988931754888
0.555	6.60913595231346
0.556	6.60838597935919
0.557	6.60763937100611
0.558	6.60689609986028
0.559	6.60615613880993
0.56	6.60541946102172
0.561	6.60468603993698
0.562	6.60395584926806
0.563	6.60322886299472
0.564	6.60250505536059
0.565	6.60178440086969
0.566	6.60106687428292
0.567	6.60035245061478
0.568	6.59964110512993
0.569	6.59893281333998
0.57	6.59822755100022
0.571	6.59752529410644
0.572	6.59682601889181
0.573	6.59612970182376
0.574	6.59543631960099
0.575	6.59474584915040
0.576	6.59405826762422
0.577	6.59337355239703
0.578	6.59269168106297
0.579	6.59201263143282
0.58	6.59133638153135
0.581	6.59066290959445
0.582	6.58999219406655
0.583	6.58932421359786
0.584	6.58865894704184
0.585	6.58799637345255
0.586	6.58733647208214
0.587	6.58667922237837
0.588	6.58602460398206
0.589	6.58537259672476
0.59	6.58472318062626
0.591	6.58407633589229
0.592	6.58343204291214
0.593	6.58279028225641
0.594	6.58215103467471
0.595	6.58151428109344
0.596	6.58088000261359
0.597	6.58024818050858
0.598	6.57961879622210
0.599	6.57899183136601
0.6	6.57836726771828
0.601	6.57774508722089
0.602	6.57712527197786
0.603	6.57650780425324
0.604	6.57589266646910
0.605	6.57527984120368
0.606	6.57466931118938
0.607	6.57406105931094
0.608	6.57345506860353
0.609	6.57285132225097
0.61	6.57224980358387
0.611	6.57165049607786
0.612	6.57105338335181
0.613	6.57045844916615
0.614	6.56986567742106
0.615	6.56927505215486
0.616	6.56868655754228
0.617	6.56810017789287
0.618	6.56751589764930
0.619	6.56693370138581
0.62	6.56635357380661
0.621	6.56577549974431
0.622	6.56519946415836
0.623	6.56462545213355
0.624	6.56405344887853
0.625	6.56348343972424
0.626	6.56291541012252
0.627	6.56234934564463
0.628	6.56178523197984
0.629	6.56122305493398
0.63	6.56066280042809
0.631	6.56010445449701
0.632	6.55954800328804
0.633	6.55899343305958
0.634	6.55844073017983
0.635	6.55788988112545
0.636	6.55734087248029
0.637	6.55679369093408
0.638	6.55624832328120
0.639	6.55570475641943
0.64	6.55516297734870
0.641	6.55462297316987
0.642	6.55408473108354
0.643	6.55354823838887
0.644	6.55301348248237
0.645	6.55248045085676
0.646	6.55194913109984
0.647	6.55141951089333
0.648	6.55089157801173
0.649	6.55036532032127
0.65	6.54984072577875
0.651	6.54931778243052
0.652	6.54879647841132
0.653	6.54827680194333
0.654	6.54775874133504
0.655	6.54724228498022
0.656	6.54672742135696
0.657	6.54621413902656
0.658	6.54570242663263
0.659	6.54519227290000
0.66	6.54468366663382
0.661	6.54417659671852
0.662	6.54367105211692
0.663	6.54316702186922
0.664	6.54266449509209
0.665	6.54216346097772
0.666	6.54166390879293
0.667	6.54116582787823
0.668	6.54066920764691
0.669	6.54017403758418
0.67	6.53968030724627
0.671	6.53918800625954
0.672	6.53869712431961
0.673	6.53820765119054
0.674	6.53771957670395
0.675	6.53723289075817
0.676	6.53674758331740
0.677	6.53626364441093
0.678	6.53578106413228
0.679	6.53529983263837
0.68	6.53481994014878
0.681	6.53434137694489
0.682	6.53386413336911
0.683	6.53338819982412
0.684	6.53291356677206
0.685	6.53244022473377
0.686	6.53196816428804
0.687	6.53149737607083
0.688	6.53102785077453
0.689	6.53055957914723
0.69	6.53009255199195
0.691	6.52962676016592
0.692	6.52916219457987
0.693	6.52869884619729
0.694	6.52823670603369
0.695	6.52777576515594
0.696	6.52731601468154
0.697	6.52685744577790
0.698	6.52640004966165
0.699	6.52594381759798
0.7	6.52548874089993
0.701	6.52503481092768
0.702	6.52458201908793
0.703	6.52413035683317
0.704	6.52367981566106
0.705	6.52323038711371
0.706	6.52278206277708
0.707	6.52233483428025
0.708	6.52188869329483
0.709	6.52144363153429
0.71	6.52099964075328
0.711	6.52055671274703
0.712	6.52011483935068
0.713	6.51967401243866
0.714	6.51923422392402
0.715	6.51879546575786
0.716	6.51835772992864
0.717	6.51792100846158
0.718	6.51748529341803
0.719	6.51705057689485
0.72	6.51661685102378
0.721	6.51618410797084
0.722	6.51575233993570
0.723	6.51532153915105
0.724	6.51489169788204
0.725	6.51446280842559
0.726	6.51403486310985
0.727	6.51360785429356
0.728	6.51318177436543
0.729	6.51275661574357
0.73	6.51233237087484
0.731	6.51190903223428
0.732	6.51148659232450
0.733	6.51106504367507
0.734	6.51064437884188
0.735	6.51022459040662
0.736	6.50980567097609
0.737	6.50938761318167
0.738	6.50897040967865
0.739	6.50855405314567
0.74	6.50813853628411
0.741	6.50772385181747
0.742	6.50730999249078
0.743	6.50689695106997
0.744	6.50648472034129
0.745	6.50607329311069
0.746	6.50566266220321
0.747	6.50525282046235
0.748	6.50484376074948
0.749	6.50443547594323
0.75	6.50402795893885
0.751	6.50362120264760
0.752	6.50321519999613
0.753	6.50280994392584
0.754	6.50240542739230
0.755	6.50200164336453
0.756	6.50159858482448
0.757	6.50119624476630
0.758	6.50079461619576
0.759	6.50039369212955
0.76	6.49999346559469
0.761	6.49959392962784
0.762	6.49919507727467
0.763	6.49879690158918
0.764	6.49839939563303
0.765	6.49800255247490
0.766	6.49760636518979
0.767	6.49721082685834
0.768	6.49681593056617
0.769	6.49642166940313
0.77	6.49602803646269
0.771	6.49563502484115
0.772	6.49524262763699
0.773	6.49485083795010
0.774	6.49445964888112
0.775	6.49406905353064
0.776	6.49367904499851
0.777	6.49328961638308
0.778	6.49290076078041
0.779	6.49251247128357
0.78	6.49212474098181
0.781	6.49173756295980
0.782	6.49135093029684
0.783	6.49096483606605
0.784	6.49057927333356
0.785	6.49019423515770
0.786	6.48980971458815
0.787	6.48942570466510
0.788	6.48904219841840
0.789	6.48865918886666
0.79	6.48827666901643
0.791	6.48789463186124
0.792	6.48751307038074
0.793	6.48713197753976
0.794	6.48675134628734
0.795	6.48637116955587
0.796	6.48599144026002
0.797	6.48561215129582
0.798	6.48523329553966
0.799	6.48485486584725
0.8	6.48447685505260
0.801	6.48409925596698
0.802	6.48372206137781
0.803	6.48334526404765
0.804	6.48296885671300
0.805	6.48259283208325
0.806	6.48221718283947
0.807	6.48184190163328
0.808	6.48146698108563
0.809	6.48109241378561
0.81	6.48071819228917
0.811	6.48034430911789
0.812	6.47997075675767
0.813	6.47959752765740
0.814	6.47922461422764
0.815	6.47885200883922
0.816	6.47847970382188
0.817	6.47810769146277
0.818	6.47773596400501
0.819	6.47736451364624
0.82	6.47699333253702
0.821	6.47662241277929
0.822	6.47625174642477
0.823	6.47588132547333
0.824	6.47551114187129
0.825	6.47514118750972
0.826	6.47477145422268
0.827	6.47440193378540
0.828	6.47403261791247
0.829	6.47366349825591
0.83	6.47329456640328
0.831	6.47292581387563
0.832	6.47255723212555
0.833	6.47218881253499
0.834	6.47182054641318
0.835	6.47145242499442
0.836	6.47108443943580
0.837	6.47071658081492
0.838	6.47034884012748
0.839	6.46998120828485
0.84	6.46961367611155
0.841	6.46924623434272
0.842	6.46887887362138
0.843	6.46851158449579
0.844	6.46814435741659
0.845	6.46777718273396
0.846	6.46741005069462
0.847	6.46704295143878
0.848	6.46667587499702
0.849	6.46630881128705
0.85	6.46594175011035
0.851	6.46557468114878
0.852	6.46520759396098
0.853	6.46484047797881
0.854	6.46447332250352
0.855	6.46410611670188
0.856	6.46373884960223
0.857	6.46337151009030
0.858	6.46300408690500
0.859	6.46263656863397
0.86	6.46226894370909
0.861	6.46190120040177
0.862	6.46153332681810
0.863	6.46116531089385
0.864	6.46079714038933
0.865	6.46042880288396
0.866	6.46006028577083
0.867	6.45969157625088
0.868	6.45932266132707
0.869	6.45895352779817
0.87	6.45858416225243
0.871	6.45821455106102
0.872	6.45784468037119
0.873	6.45747453609922
0.874	6.45710410392306
0.875	6.45673336927479
0.876	6.45636231733268
0.877	6.45599093301302
0.878	6.45561920096169
0.879	6.45524710554525
0.88	6.45487463084182
0.881	6.45450176063161
0.882	6.45412847838693
0.883	6.45375476726198
0.884	6.45338061008210
0.885	6.45300598933268
0.886	6.45263088714751
0.887	6.45225528529674
0.888	6.45187916517433
0.889	6.45150250778488
0.89	6.45112529373002
0.891	6.45074750319415
0.892	6.45036911592956
0.893	6.44999011124092
0.894	6.44961046796909
0.895	6.44923016447416
0.896	6.44884917861782
0.897	6.44846748774479
0.898	6.44808506866357
0.899	6.44770189762609
0.9	6.44731795030662
0.901	6.44693320177952
0.902	6.44654762649600
0.903	6.44616119825970
0.904	6.44577389020118
0.905	6.44538567475104
0.906	6.44499652361173
0.907	6.44460640772796
0.908	6.44421529725559
0.909	6.44382316152891
0.91	6.44342996902618
0.911	6.44303568733341
0.912	6.44264028310617
0.913	6.44224372202934
0.914	6.44184596877465
0.915	6.44144698695591
0.916	6.44104673908167
0.917	6.44064518650528
0.918	6.44024228937200
0.919	6.43983800656312
0.92	6.43943229563673
0.921	6.43902511276501
0.922	6.43861641266770
0.923	6.43820614854155
0.924	6.43779427198535
0.925	6.43738073292033
0.926	6.43696547950543
0.927	6.43654845804714
0.928	6.43612961290348
0.929	6.43570888638156
0.93	6.43528621862831
0.931	6.43486154751374
0.932	6.43443480850609
0.933	6.43400593453833
0.934	6.43357485586499
0.935	6.43314149990877
0.936	6.43270579109580
0.937	6.43226765067864
0.938	6.43182699654584
0.939	6.43138374301684
0.94	6.43093780062077
0.941	6.43048907585768
0.942	6.43003747094035
0.943	6.42958288351490
0.944	6.42912520635783
0.945	6.42866432704731
0.946	6.42820012760580
0.947	6.42773248411097
0.948	6.42726126627154
0.949	6.42678633696397
0.95	6.42630755172577
0.951	6.42582475820008
0.952	6.42533779552607
0.953	6.42484649366840
0.954	6.42435067267825
0.955	6.42385014187733
0.956	6.42334469895488
0.957	6.42283412896612
0.958	6.42231820321895
0.959	6.42179667803327
0.96	6.42126929335497
0.961	6.42073577120329
0.962	6.42019581392686
0.963	6.41964910223893
0.964	6.41909529299705
0.965	6.41853401668585
0.966	6.41796487455337
0.967	6.41738743534157
0.968	6.41680123153903
0.969	6.41620575506886
0.97	6.41560045230504
0.971	6.41498471828647
0.972	6.41435788996677
0.973	6.41371923829791
0.974	6.41306795889494
0.975	6.41240316096124
0.976	6.41172385406618
0.977	6.41102893224919
0.978	6.41031715476652
0.979	6.40958712258220
0.98	6.40883724940849
0.981	6.40806572568706
0.982	6.40727047331485
0.983	6.40644908807025
0.984	6.40559876544843
0.985	6.40471620374367
0.986	6.40379747534366
0.987	6.40283785267641
0.988	6.40183156791623
0.989	6.40077147326752
0.99	6.39964854726876
0.991	6.39845115369459
0.992	6.39716388521718
0.993	6.39576567235002
0.994	6.39422650475431
0.995	6.39250130505807
0.996	6.39051728264971
0.997	6.38814388975133
0.998	6.38510414900990
0.999	6.38058391480515
