x_0	f(x)
0.001	-528.116539524791
0.021	-210.024864071015
0.041	-125.810450077309
0.061	-74.6225638121562
0.081	-38.9049542275675
0.101	-12.6268256805420
0.121	7.08638206045677
0.141	20.7632874218291
0.161	27.7409351085900
0.181	31.8075669171048
0.201	33.4000556012730
0.221	32.8463977619641
0.241	30.4007971232346
0.261	26.2652257822923
0.281	20.6033176312806
0.301	13.5496720057698
0.321	5.21628285690124
0.341	-4.30290355151820
0.361	-14.9286918432842
0.381	-26.5942172098934
0.401	-39.2431527432700
0.421	-52.8283798421182
0.441	-67.3110112661834
0.461	-82.6596924475940
0.481	-98.8501315974009
0.501	-115.864827241733
0.521	-133.692975819270
0.541	-152.330553742435
0.561	-171.780579290472
0.581	-192.053571111975
0.601	-213.168233268608
0.621	-235.152413238629
0.641	-258.044401296745
0.661	-281.894670422809
0.681	-306.768200397919
0.701	-332.747596172782
0.721	-359.937312587884
0.741	-388.469458704819
0.761	-418.511917692354
0.781	-450.279961227470
0.801	-484.053314147928
0.821	-520.202049788561
0.841	-559.227451716168
0.861	-601.829655808712
0.881	-649.026536596592
0.901	-702.379389601758
0.921	-764.467825371262
0.941	-840.046076603607
0.961	-939.576232217111
0.981	-1095.77358608689
