x_0	f(x)
0.001	-1122.87440061855
0.021	-483.292442235944
0.041	-306.904866229833
0.061	-192.968115103891
0.081	-106.896100865570
0.101	-36.9897262233097
0.121	22.2273249451630
0.141	73.7931878999086
0.161	119.583813923880
0.181	160.847020641958
0.201	198.459794362783
0.221	233.065320577396
0.241	265.151681228281
0.261	295.099803859625
0.281	323.214105407060
0.301	349.742866003511
0.321	374.892235183388
0.341	398.836142417777
0.361	421.723490142112
0.381	443.683495455545
0.401	464.829742137345
0.421	485.263317523271
0.441	505.075290599448
0.461	524.348711266086
0.481	543.160260426362
0.501	561.581647070969
0.521	579.680826231124
0.541	597.523097128269
0.561	615.172131989135
0.581	632.690981661608
0.601	650.143103872716
0.621	667.593463814428
0.641	685.109765452503
0.661	702.763887070931
0.681	720.633618847558
0.701	738.804838436819
0.721	757.374320734969
0.741	776.453474426711
0.761	796.173456129737
0.781	816.692380684569
0.801	838.205816331190
0.821	860.962616552366
0.841	885.289809986861
0.861	911.633711126102
0.881	940.632081415066
0.901	973.251012268136
0.921	1011.07284823069
0.941	1056.99710081250
0.961	1117.38195997726
0.981	1212.07203801763
