x_0	f(x)
0.114	2.49485893120189
0.115	5.37440729590986
0.116	8.23322002204219
0.117	11.0716212325375
0.118	13.8899272297056
0.119	16.6884467505965
0.12	19.4674812119395
0.121	22.2273249451630
0.122	24.9682654219732
0.123	27.6905834709485
0.124	30.3945534855743
0.125	33.0804436241277
0.126	35.7485160017883
0.127	38.3990268753433
0.128	41.0322268208229
0.129	43.6483609043949
0.13	46.2476688468214
0.131	48.8303851817686
0.132	51.3967394082464
0.133	53.9469561374370
0.134	56.4812552341597
0.135	58.9998519532081
0.136	61.5029570707806
0.137	63.9907770112169
0.138	66.4635139692408
0.139	68.9213660279006
0.14	71.3645272723880
0.141	73.7931878999086
0.142	76.2075343257676
0.143	78.6077492858284
0.144	80.9940119354897
0.145	83.3664979453270
0.146	85.7253795935296
0.147	88.0708258552633
0.148	90.4030024890832
0.149	92.7220721205088
0.15	95.0281943228782
0.151	97.3215256955842
0.152	99.6022199397955
0.153	101.870427931759
0.154	104.126297793777
0.155	106.369974962947
0.156	108.601602257750
0.157	110.821319942563
0.158	113.029265790184
0.159	115.225575142429
0.16	117.410380968885
0.161	119.583813923880
0.162	121.746002401732
0.163	123.897072590349
0.164	126.037148523229
0.165	128.166352129925
0.166	130.284803285022
0.167	132.392619855689
0.168	134.489917747839
0.169	136.576810950971
0.17	138.653411581713
0.171	140.719829926124
0.172	142.776174480805
0.173	144.822551992839
0.174	146.859067498620
0.175	148.885824361595
0.176	150.902924308965
0.177	152.910467467368
0.178	154.908552397592
0.179	156.897276128336
0.18	158.876734189061
0.181	160.847020641958
0.182	162.808228113049
0.183	164.760447822477
0.184	166.703769613976
0.185	168.638281983579
0.186	170.564072107562
0.187	172.481225869673
0.188	174.389827887642
0.189	176.289961539019
0.19	178.181708986339
0.191	180.065151201659
0.192	181.940367990455
0.193	183.807438014936
0.194	185.666438816754
0.195	187.517446839161
0.196	189.360537448608
0.197	191.195784955813
0.198	193.023262636313
0.199	194.843042750507
0.2	196.655196563219
0.201	198.459794362783
0.202	200.256905479669
0.203	202.046598304663
0.204	203.828940306612
