x_0	f(x)
0.001	6.15292990413274
0.002	6.13714317403985
0.003	6.12563634872282
0.004	6.11609764952118
0.005	6.10771866044680
0.006	6.10011112118559
0.007	6.09305532788659
0.008	6.08641351591613
0.009	6.08009294390360
0.01	6.07402782567854
0.011	6.06816957497625
0.012	6.06248113547701
0.013	6.05693349001046
0.014	6.05150340951633
0.015	6.04617194506233
0.016	6.04092338483766
0.017	6.03574451286056
0.018	6.03062406962212
0.019	6.02555235155296
0.02	6.02052090818187
0.021	6.01552230947213
0.022	6.01054996450011
0.023	6.00559797831447
0.024	6.00066103760791
0.025	5.99573431842225
0.026	5.99081341090626
0.027	5.98589425741699
0.028	5.98097310116713
0.029	5.97604644328410
0.03	5.97111100663528
0.031	5.96616370513781
0.032	5.96120161754610
0.033	5.95622196491879
0.034	5.95122209112757
0.035	5.94619944589459
0.036	5.94115156994242
0.037	5.93607608191692
0.038	5.93097066680429
0.039	5.92583306561182
0.04	5.92066106612078
0.041	5.91545249455153
0.042	5.91020520800612
0.043	5.90491708757492
0.044	5.89958603201059
0.045	5.89420995188702
0.046	5.88878676417245
0.047	5.88331438715564
0.048	5.87779073567212
0.049	5.87221371658432
0.05	5.86658122447480
0.051	5.86089113751688
0.052	5.85514131349068
0.053	5.84932958591605
0.054	5.84345376027665
0.055	5.83751161031185
0.056	5.83150087435490
0.057	5.82541925169784
0.058	5.81926439896451
0.059	5.81303392647438
0.06	5.80672539458099
0.061	5.80033630996898
0.062	5.79386412189467
0.063	5.78730621835534
0.064	5.78065992217259
0.065	5.77392248697524
0.066	5.76709109306732
0.067	5.76016284316639
0.068	5.75313475799741
0.069	5.74600377172674
0.07	5.73876672722071
0.071	5.73142037111244
0.072	5.72396134865987
0.073	5.71638619837744
0.074	5.70869134642272
0.075	5.70087310071839
0.076	5.69292764478893
0.077	5.68485103128991
0.078	5.67663917520662
0.079	5.66828784669704
0.08	5.65979266355269
0.081	5.65114908324868
0.082	5.64235239455266
0.083	5.63339770865967
0.084	5.62427994981783
0.085	5.61499384540679
0.086	5.60553391542799
0.087	5.59589446136249
0.088	5.58606955434865
0.089	5.57605302262778
0.09	5.56583843820165
0.091	5.55541910264112
0.092	5.54478803197970
0.093	5.53393794062006
0.094	5.52286122417549
0.095	5.51154994116082
0.096	5.49999579343997
0.097	5.48819010532842
0.098	5.47612380123987
0.099	5.46378738175525
0.1	5.45117089798132
0.101	5.43826392405274
0.102	5.42505552761742
0.103	5.41153423812886
0.104	5.39768801275187
0.105	5.38350419966766
0.106	5.36896949854301
0.107	5.35406991790290
0.108	5.33879072911884
0.109	5.32311641669395
0.11	5.30703062449133
0.111	5.29051609751291
0.112	5.27355461879231
0.113	5.25612694091553
0.114	5.23821271162706
0.115	5.21979039291601
0.116	5.20083717290457
0.117	5.18132886977978
0.118	5.16123982691659
0.119	5.14054279823447
0.12	5.11920882270888
0.121	5.09720708682061
0.122	5.07450477356773
0.123	5.05106689648214
0.124	5.02685611688362
0.125	5.00183254236150
0.126	4.97595350419450
0.127	4.94917331109411
0.128	4.92144297627959
0.129	4.89270991445251
0.13	4.86291760472457
0.131	4.83200521494992
0.132	4.79990718220525
0.133	4.76655274332621
0.134	4.73186540842262
0.135	4.69576236912438
0.136	4.65815383191844
0.137	4.61894226527446
0.138	4.57802154726546
0.139	4.53527599799390
0.14	4.49057927824160
0.141	4.44379313225525
0.142	4.39476594831086
0.143	4.34333110548064
0.144	4.28930506861373
0.145	4.23248518562679
0.146	4.17264713138069
0.147	4.10954193017068
0.148	4.04289247349484
0.149	3.97238943038266
0.15	3.89768642295938
0.151	3.81839430847930
0.152	3.73407436860575
0.153	3.64423015428073
0.154	3.54829766603916
0.155	3.44563345942738
0.156	3.33550014535875
0.157	3.21704859455652
0.158	3.08929593760609
0.159	2.95109815422459
0.16	2.80111563283707
0.161	2.63776950325448
0.162	2.45918572369699
0.163	2.26312271932809
0.164	2.04687663594986
0.165	1.80715569087912
0.166	1.53991118573457
0.167	1.24010667827438
0.168	0.901397195838828
0.169	0.515674747441123
0.17	0.0724102678920088
