x_0	f(x)
0.0033 	2.8739 
0.0067 	3.3505 
0.0100 	3.6473 
0.0133 	3.8673 
0.0167 	4.0439 
0.0200 	4.1925 
0.0233 	4.3214 
0.0267 	4.4356 
0.0300 	4.5384 
0.0333 	4.6322 
0.0367 	4.7185 
0.0400 	4.7986 
0.0433 	4.8735 
0.0467 	4.9439 
0.0500 	5.0103 
0.0533 	5.0733 
0.0567 	5.1332 
0.0600 	5.1905 
0.0633 	5.2452 
0.0667 	5.2978 
0.0700 	5.3484 
0.0733 	5.3972 
0.0767 	5.4443 
0.0800 	5.4899 
0.0833 	5.5340 
0.0867 	5.5769 
0.0900 	5.6185 
0.0933 	5.6590 
0.0967 	5.6984 
0.1000 	5.7369 
0.1033 	5.7744 
0.1067 	5.8111 
0.1100 	5.8469 
0.1133 	5.8820 
0.1167 	5.9164 
0.1200 	5.9500 
0.1233 	5.9830 
0.1267 	6.0154 
0.1300 	6.0472 
0.1333 	6.0785 
0.1367 	6.1092 
0.1400 	6.1394 
0.1433 	6.1691 
0.1467 	6.1983 
0.1500 	6.2271 
0.1533 	6.2555 
0.1567 	6.2835 
0.1600 	6.3111 
0.1633 	6.3383 
0.1667 	6.3652 
0.1700 	6.3917 
0.1733 	6.4179 
0.1767 	6.4437 
0.1800 	6.4693 
0.1833 	6.4945 
0.1867 	6.5195 
0.1900 	6.5442 
0.1933 	6.5686 
0.1967 	6.5928 
0.2000 	6.6168 
0.2033 	6.6405 
0.2067 	6.6639 
0.2100 	6.6872 
0.2133 	6.7102 
0.2167 	6.7330 
0.2200 	6.7556 
0.2233 	6.7780 
0.2267 	6.8003 
0.2300 	6.8223 
0.2333 	6.8442 
0.2367 	6.8659 
0.2400 	6.8874 
0.2433 	6.9088 
0.2467 	6.9300 
0.2500 	6.9510 
0.2533 	6.9719 
0.2567 	6.9927 
0.2600 	7.0133 
0.2633 	7.0338 
0.2667 	7.0541 
0.2700 	7.0744 
0.2733 	7.0945 
0.2767 	7.1145 
0.2800 	7.1343 
0.2833 	7.1541 
0.2867 	7.1737 
0.2900 	7.1932 
0.2933 	7.2127 
0.2967 	7.2320 
0.3000 	7.2512 
0.3033 	7.2703 
0.3067 	7.2894 
0.3100 	7.3083 
0.3133 	7.3272 
0.3167 	7.3459 
0.3200 	7.3646 
0.3233 	7.3832 
0.3267 	7.4017 
0.3300 	7.4202 
0.3333 	7.4385 
0.3367 	7.4568 
0.3400 	7.4751 
0.3433 	7.4932 
0.3467 	7.5113 
0.3500 	7.5294 
0.3533 	7.5473 
0.3567 	7.5652 
0.3600 	7.5831 
0.3633 	7.6009 
0.3667 	7.6186 
0.3700 	7.6363 
0.3733 	7.6539 
0.3767 	7.6715 
0.3800 	7.6890 
0.3833 	7.7065 
0.3867 	7.7240 
0.3900 	7.7414 
0.3933 	7.7587 
0.3967 	7.7760 
0.4000 	7.7933 
0.4033 	7.8105 
0.4067 	7.8277 
0.4100 	7.8449 
0.4133 	7.8620 
0.4167 	7.8791 
0.4200 	7.8962 
0.4233 	7.9133 
0.4267 	7.9303 
0.4300 	7.9473 
0.4333 	7.9642 
0.4367 	7.9811 
0.4400 	7.9981 
0.4433 	8.0150 
0.4467 	8.0318 
0.4500 	8.0487 
0.4533 	8.0655 
0.4567 	8.0823 
0.4600 	8.0991 
0.4633 	8.1159 
0.4667 	8.1327 
0.4700 	8.1495 
0.4733 	8.1662 
0.4767 	8.1830 
0.4800 	8.1997 
0.4833 	8.2164 
0.4867 	8.2331 
0.4900 	8.2499 
0.4933 	8.2666 
0.4967 	8.2833 
0.5000 	8.3000 
0.5033 	8.3167 
0.5067 	8.3334 
0.5100 	8.3501 
0.5133 	8.3669 
0.5167 	8.3836 
0.5200 	8.4003 
0.5233 	8.4170 
0.5267 	8.4338 
0.5300 	8.4505 
0.5333 	8.4673 
0.5367 	8.4841 
0.5400 	8.5009 
0.5433 	8.5177 
0.5467 	8.5345 
0.5500 	8.5513 
0.5533 	8.5682 
0.5567 	8.5850 
0.5600 	8.6019 
0.5633 	8.6189 
0.5667 	8.6358 
0.5700 	8.6527 
0.5733 	8.6697 
0.5767 	8.6867 
0.5800 	8.7038 
0.5833 	8.7209 
0.5867 	8.7380 
0.5900 	8.7551 
0.5933 	8.7723 
0.5967 	8.7895 
0.6000 	8.8067 
0.6033 	8.8240 
0.6067 	8.8413 
0.6100 	8.8586 
0.6133 	8.8760 
0.6167 	8.8935 
0.6200 	8.9110 
0.6233 	8.9285 
0.6267 	8.9461 
0.6300 	8.9637 
0.6333 	8.9814 
0.6367 	8.9991 
0.6400 	9.0169 
0.6433 	9.0348 
0.6467 	9.0527 
0.6500 	9.0706 
0.6533 	9.0887 
0.6567 	9.1068 
0.6600 	9.1249 
0.6633 	9.1432 
0.6667 	9.1615 
0.6700 	9.1798 
0.6733 	9.1983 
0.6767 	9.2168 
0.6800 	9.2354 
0.6833 	9.2541 
0.6867 	9.2728 
0.6900 	9.2917 
0.6933 	9.3106 
0.6967 	9.3297 
0.7000 	9.3488 
0.7033 	9.3680 
0.7067 	9.3873 
0.7100 	9.4068 
0.7133 	9.4263 
0.7167 	9.4459 
0.7200 	9.4657 
0.7233 	9.4855 
0.7267 	9.5055 
0.7300 	9.5256 
0.7333 	9.5459 
0.7367 	9.5662 
0.7400 	9.5867 
0.7433 	9.6073 
0.7467 	9.6281 
0.7500 	9.6490 
0.7533 	9.6700 
0.7567 	9.6912 
0.7600 	9.7126 
0.7633 	9.7341 
0.7667 	9.7558 
0.7700 	9.7777 
0.7733 	9.7997 
0.7767 	9.8220 
0.7800 	9.8444 
0.7833 	9.8670 
0.7867 	9.8898 
0.7900 	9.9128 
0.7933 	9.9361 
0.7967 	9.9595 
0.8000 	9.9832 
0.8033 	10.0072 
0.8067 	10.0314 
0.8100 	10.0558 
0.8133 	10.0805 
0.8167 	10.1055 
0.8200 	10.1307 
0.8233 	10.1563 
0.8267 	10.1821 
0.8300 	10.2083 
0.8333 	10.2348 
0.8367 	10.2617 
0.8400 	10.2889 
0.8433 	10.3165 
0.8467 	10.3445 
0.8500 	10.3729 
0.8533 	10.4017 
0.8567 	10.4309 
0.8600 	10.4606 
0.8633 	10.4908 
0.8667 	10.5215 
0.8700 	10.5528 
0.8733 	10.5846 
0.8767 	10.6170 
0.8800 	10.6500 
0.8833 	10.6836 
0.8867 	10.7180 
0.8900 	10.7531 
0.8933 	10.7889 
0.8967 	10.8256 
0.9000 	10.8631 
0.9033 	10.9016 
0.9067 	10.9410 
0.9100 	10.9815 
0.9133 	11.0231 
0.9167 	11.0660 
0.9200 	11.1101 
0.9233 	11.1557 
0.9267 	11.2028 
0.9300 	11.2516 
0.9333 	11.3022 
0.9367 	11.3548 
0.9400 	11.4095 
0.9433 	11.4668 
0.9467 	11.5267 
0.9500 	11.5897 
0.9533 	11.6561 
0.9567 	11.7265 
0.9600 	11.8014 
0.9633 	11.8815 
0.9667 	11.9678 
0.9700 	12.0616 
0.9733 	12.1644 
0.9767 	12.2786 
0.9800 	12.4075 
0.9833 	12.5561 
0.9867 	12.7327 
0.9900 	12.9527 
0.9933 	13.2495 
0.9967 	13.7261 
