x_0	f(x)
0.249	0.0260972176111378
0.259	0.790733772373861
0.269	1.37866137970877
0.279	1.84526120214265
0.289	2.22494366454482
0.299	2.54021785598890
0.309	2.80642865541523
0.319	3.03439792040724
0.329	3.23197735998863
0.339	3.40500267182439
0.349	3.55790201964518
0.359	3.69409663417450
0.369	3.81627193371558
0.379	3.92656549802902
0.389	4.02670020134553
0.399	4.11808030784563
0.409	4.20186202011233
0.419	4.27900606966341
0.429	4.35031746687382
0.439	4.41647592610962
0.449	4.47805942304821
0.459	4.53556262806765
0.469	4.58941147119368
0.479	4.63997475438531
0.489	4.68757348726866
0.499	4.73248845109816
0.509	4.77496637174652
0.519	4.81522499179315
0.529	4.85345726467404
0.539	4.88983484373417
0.549	4.92451100123976
0.559	4.95762308367954
0.569	4.98929458766317
0.579	5.01963692371763
0.589	5.04875092205297
0.599	5.07672812401055
0.609	5.10365189474573
0.619	5.12959838623145
0.629	5.15463737452025
0.639	5.17883299108402
0.649	5.20224436474521
0.659	5.22492618805384
0.669	5.24692921982320
0.679	5.26830073381637
0.689	5.28908492220061
0.699	5.30932326130114
0.709	5.32905484634964
0.719	5.34831670130722
0.729	5.36714406943206
0.739	5.38557069005360
0.749	5.40362906701813
0.759	5.42135073450892
0.769	5.43876652646319
0.779	5.45590685667971
0.789	5.47280201804617
0.799	5.48948251128512
0.809	5.50597941647847
0.819	5.52232482478186
0.829	5.53855235380100
0.839	5.55469777905875
0.849	5.57079982743370
0.859	5.58690119906644
0.869	5.60304991657727
0.879	5.61930115260931
0.889	5.63571977355863
0.899	5.65238398733177
0.909	5.66939075329633
0.919	5.68686412506942
0.929	5.70496872894239
0.939	5.72393281908002
0.949	5.74409067638874
0.959	5.76596841170026
0.969	5.79048245854422
0.979	5.81950261637036
0.989	5.85815584798090
0.999	5.94667052739280
