x_0	f(x)
0.0033 	21.1095 
0.0067 	18.8058 
0.0100 	17.3714 
0.0133 	16.3082 
0.0167 	15.4544 
0.0200 	14.7362 
0.0233 	14.1134 
0.0267 	13.5614 
0.0300 	13.0643 
0.0333 	12.6112 
0.0367 	12.1939 
0.0400 	11.8066 
0.0433 	11.4447 
0.0467 	11.1047 
0.0500 	10.7836 
0.0533 	10.4791 
0.0567 	10.1894 
0.0600 	9.9128 
0.0633 	9.6480 
0.0667 	9.3938 
0.0700 	9.1493 
0.0733 	8.9136 
0.0767 	8.6859 
0.0800 	8.4657 
0.0833 	8.2523 
0.0867 	8.0452 
0.0900 	7.8440 
0.0933 	7.6482 
0.0967 	7.4576 
0.1000 	7.2717 
0.1033 	7.0902 
0.1067 	6.9130 
0.1100 	6.7398 
0.1133 	6.5702 
0.1167 	6.4042 
0.1200 	6.2415 
0.1233 	6.0820 
0.1267 	5.9255 
0.1300 	5.7718 
0.1333 	5.6208 
0.1367 	5.4724 
0.1400 	5.3264 
0.1433 	5.1828 
0.1467 	5.0414 
0.1500 	4.9022 
0.1533 	4.7650 
0.1567 	4.6298 
0.1600 	4.4964 
0.1633 	4.3649 
0.1667 	4.2351 
0.1700 	4.1069 
0.1733 	3.9804 
0.1767 	3.8554 
0.1800 	3.7319 
0.1833 	3.6098 
0.1867 	3.4891 
0.1900 	3.3697 
0.1933 	3.2516 
0.1967 	3.1347 
0.2000 	3.0190 
0.2033 	2.9045 
0.2067 	2.7911 
0.2100 	2.6787 
0.2133 	2.5674 
0.2167 	2.4572 
0.2200 	2.3479 
0.2233 	2.2395 
0.2267 	2.1321 
0.2300 	2.0255 
0.2333 	1.9198 
0.2367 	1.8150 
0.2400 	1.7109 
0.2433 	1.6077 
0.2467 	1.5052 
0.2500 	1.4034 
0.2533 	1.3024 
0.2567 	1.2020 
0.2600 	1.1023 
0.2633 	1.0033 
0.2667 	0.9049 
0.2700 	0.8072 
0.2733 	0.7100 
0.2767 	0.6135 
0.2800 	0.5175 
0.2833 	0.4220 
0.2867 	0.3271 
0.2900 	0.2327 
0.2933 	0.1388 
0.2967 	0.0454 
0.3000 	-0.0475 
0.3033 	-0.1399 
0.3067 	-0.2319 
0.3100 	-0.3234 
0.3133 	-0.4146 
0.3167 	-0.5053 
0.3200 	-0.5956 
0.3233 	-0.6855 
0.3267 	-0.7750 
0.3300 	-0.8642 
0.3333 	-0.9530 
0.3367 	-1.0414 
0.3400 	-1.1295 
0.3433 	-1.2173 
0.3467 	-1.3048 
0.3500 	-1.3919 
0.3533 	-1.4787 
0.3567 	-1.5653 
0.3600 	-1.6516 
0.3633 	-1.7376 
0.3667 	-1.8233 
0.3700 	-1.9088 
0.3733 	-1.9940 
0.3767 	-2.0789 
0.3800 	-2.1637 
0.3833 	-2.2482 
0.3867 	-2.3325 
0.3900 	-2.4166 
0.3933 	-2.5005 
0.3967 	-2.5841 
0.4000 	-2.6676 
0.4033 	-2.7510 
0.4067 	-2.8341 
0.4100 	-2.9171 
0.4133 	-2.9999 
0.4167 	-3.0825 
0.4200 	-3.1650 
0.4233 	-3.2474 
0.4267 	-3.3296 
0.4300 	-3.4117 
0.4333 	-3.4937 
0.4367 	-3.5755 
0.4400 	-3.6573 
0.4433 	-3.7389 
0.4467 	-3.8205 
0.4500 	-3.9019 
0.4533 	-3.9833 
0.4567 	-4.0646 
0.4600 	-4.1458 
0.4633 	-4.2270 
0.4667 	-4.3080 
0.4700 	-4.3891 
0.4733 	-4.4700 
0.4767 	-4.5510 
0.4800 	-4.6318 
0.4833 	-4.7127 
0.4867 	-4.7935 
0.4900 	-4.8743 
0.4933 	-4.9551 
0.4967 	-5.0359 
0.5000 	-5.1167 
0.5033 	-5.1974 
0.5067 	-5.2782 
0.5100 	-5.3590 
0.5133 	-5.4398 
0.5167 	-5.5206 
0.5200 	-5.6015 
0.5233 	-5.6824 
0.5267 	-5.7633 
0.5300 	-5.8443 
0.5333 	-5.9253 
0.5367 	-6.0064 
0.5400 	-6.0875 
0.5433 	-6.1687 
0.5467 	-6.2500 
0.5500 	-6.3314 
0.5533 	-6.4128 
0.5567 	-6.4944 
0.5600 	-6.5760 
0.5633 	-6.6578 
0.5667 	-6.7396 
0.5700 	-6.8216 
0.5733 	-6.9037 
0.5767 	-6.9859 
0.5800 	-7.0683 
0.5833 	-7.1508 
0.5867 	-7.2335 
0.5900 	-7.3163 
0.5933 	-7.3992 
0.5967 	-7.4824 
0.6000 	-7.5657 
0.6033 	-7.6492 
0.6067 	-7.7329 
0.6100 	-7.8168 
0.6133 	-7.9008 
0.6167 	-7.9851 
0.6200 	-8.0696 
0.6233 	-8.1544 
0.6267 	-8.2394 
0.6300 	-8.3246 
0.6333 	-8.4100 
0.6367 	-8.4958 
0.6400 	-8.5818 
0.6433 	-8.6680 
0.6467 	-8.7546 
0.6500 	-8.8414 
0.6533 	-8.9286 
0.6567 	-9.0160 
0.6600 	-9.1038 
0.6633 	-9.1919 
0.6667 	-9.2804 
0.6700 	-9.3692 
0.6733 	-9.4583 
0.6767 	-9.5478 
0.6800 	-9.6378 
0.6833 	-9.7281 
0.6867 	-9.8188 
0.6900 	-9.9099 
0.6933 	-10.0014 
0.6967 	-10.0934 
0.7000 	-10.1859 
0.7033 	-10.2788 
0.7067 	-10.3722 
0.7100 	-10.4661 
0.7133 	-10.5604 
0.7167 	-10.6554 
0.7200 	-10.7508 
0.7233 	-10.8468 
0.7267 	-10.9434 
0.7300 	-11.0405 
0.7333 	-11.1383 
0.7367 	-11.2367 
0.7400 	-11.3357 
0.7433 	-11.4353 
0.7467 	-11.5357 
0.7500 	-11.6367 
0.7533 	-11.7385 
0.7567 	-11.8410 
0.7600 	-11.9443 
0.7633 	-12.0483 
0.7667 	-12.1532 
0.7700 	-12.2589 
0.7733 	-12.3654 
0.7767 	-12.4728 
0.7800 	-12.5812 
0.7833 	-12.6905 
0.7867 	-12.8008 
0.7900 	-12.9121 
0.7933 	-13.0244 
0.7967 	-13.1378 
0.8000 	-13.2523 
0.8033 	-13.3680 
0.8067 	-13.4849 
0.8100 	-13.6030 
0.8133 	-13.7224 
0.8167 	-13.8431 
0.8200 	-13.9652 
0.8233 	-14.0887 
0.8267 	-14.2137 
0.8300 	-14.3403 
0.8333 	-14.4684 
0.8367 	-14.5982 
0.8400 	-14.7298 
0.8433 	-14.8631 
0.8467 	-14.9983 
0.8500 	-15.1355 
0.8533 	-15.2748 
0.8567 	-15.4161 
0.8600 	-15.5598 
0.8633 	-15.7057 
0.8667 	-15.8541 
0.8700 	-16.0051 
0.8733 	-16.1588 
0.8767 	-16.3153 
0.8800 	-16.4749 
0.8833 	-16.6376 
0.8867 	-16.8036 
0.8900 	-16.9731 
0.8933 	-17.1464 
0.8967 	-17.3236 
0.9000 	-17.5050 
0.9033 	-17.6909 
0.9067 	-17.8815 
0.9100 	-18.0773 
0.9133 	-18.2785 
0.9167 	-18.4856 
0.9200 	-18.6990 
0.9233 	-18.9193 
0.9267 	-19.1469 
0.9300 	-19.3826 
0.9333 	-19.6272 
0.9367 	-19.8813 
0.9400 	-20.1461 
0.9433 	-20.4227 
0.9467 	-20.7125 
0.9500 	-21.0169 
0.9533 	-21.3380 
0.9567 	-21.6781 
0.9600 	-22.0400 
0.9633 	-22.4273 
0.9667 	-22.8445 
0.9700 	-23.2977 
0.9733 	-23.7947 
0.9767 	-24.3467 
0.9800 	-24.9696 
0.9833 	-25.6878 
0.9867 	-26.5415 
0.9900 	-27.6047 
0.9933 	-29.0391 
0.9967 	-31.3428 
