x_0	f(x)
0.001	6.94484580495644
0.002	7.01406454459450
0.003	7.06451754790763
0.004	7.10634107517639
0.005	7.14307971957940
0.006	7.17643585326320
0.007	7.20737279311265
0.008	7.23649458406002
0.009	7.26420786134574
0.01	7.29080107202487
0.011	7.31648724818107
0.012	7.34142886752387
0.013	7.36575315918489
0.014	7.38956197365915
0.015	7.41293839472672
0.016	7.43595131263488
0.017	7.45865867438061
0.018	7.48110984857992
0.019	7.50334738165241
0.02	7.52540832566414
0.021	7.54732525846837
0.022	7.56912707873028
0.023	7.59083963354425
0.024	7.61248621971916
0.025	7.63408798845628
0.026	7.65566427525717
0.027	7.67723287132552
0.028	7.69881024872876
0.029	7.72041174867739
0.03	7.74205174013760
0.031	7.76374375439574
0.032	7.78550059999017
0.033	7.80733446150994
0.034	7.82925698505606
0.035	7.85127935261601
0.036	7.87341234717552
0.037	7.89566641005657
0.038	7.91805169170426
0.039	7.94057809693280
0.04	7.96325532547041
0.041	7.98609290850482
0.042	8.00910024181930
0.043	8.03228661601766
0.044	8.05566124426127
0.045	8.07923328787998
0.046	8.10301188016693
0.047	8.12700614862528
0.048	8.15122523589916
0.049	8.17567831959183
0.05	8.20037463114896
0.051	8.22532347396445
0.052	8.25053424084856
0.053	8.27601643098348
0.054	8.30177966647929
0.055	8.32783370863268
0.056	8.35418847398237
0.057	8.38085405024791
0.058	8.40784071223255
0.059	8.43515893776619
0.06	8.46281942376026
0.061	8.49083310244369
0.062	8.51921115784644
0.063	8.54796504259581
0.064	8.57710649508941
0.065	8.60664755710855
0.066	8.63660059193559
0.067	8.66697830303965
0.068	8.69779375339597
0.069	8.72906038550585
0.07	8.76079204218612
0.071	8.79300298819930
0.072	8.82570793279903
0.073	8.85892205326815
0.074	8.89266101953117
0.075	8.92694101992707
0.076	8.96177878823315
0.077	8.99719163203653
0.078	9.03319746255561
0.079	9.06981482602068
0.08	9.10706293673053
0.081	9.14496171190962
0.082	9.18353180849988
0.083	9.22279466203070
0.084	9.26277252772183
0.085	9.30348852398561
0.086	9.34496667850806
0.087	9.38723197710295
0.088	9.43031041554822
0.089	9.47422905463205
0.09	9.51901607865433
0.091	9.56470085765046
0.092	9.61131401362748
0.093	9.65888749112744
0.094	9.70745463246132
0.095	9.75705025798716
0.096	9.80771075184015
0.097	9.85947415355999
0.098	9.91238025610211
0.099	9.96647071076546
0.1	10.0217891396204
0.101	10.0783812560764
0.102	10.1362949942929
0.103	10.1955806482042
0.104	10.2562910210110
0.105	10.3184815860726
0.106	10.3822106602345
0.107	10.4475395907334
0.108	10.5145329569405
0.109	10.5832587883419
0.11	10.6537888003072
0.111	10.7261986493665
0.112	10.8005682099106
0.113	10.8769818744473
0.114	10.9555288797890
0.115	11.0363036618298
0.116	11.1194062418800
0.117	11.2049426478887
0.118	11.2930253742888
0.119	11.3837738846642
0.12	11.4773151619688
0.121	11.5737843116327
0.122	11.6733252235876
0.123	11.7760913000398
0.124	11.8822462567411
0.125	11.9919650065688
0.126	12.1054346354549
0.127	12.2228554821258
0.128	12.3444423347741
0.129	12.4704257597082
0.13	12.6010535792846
0.131	12.7365925190657
0.132	12.8773300472539
0.133	13.0235764331081
0.134	13.1756670553777
0.135	13.3339649969162
0.136	13.4988639677422
0.137	13.6707916061043
0.138	13.8502132158361
0.139	14.0376360087960
0.14	14.2336139338637
0.141	14.4387531893424
0.142	14.6537185343293
0.143	14.8792405375080
0.144	15.1161239299244
0.145	15.3652572630210
0.146	15.6276241162539
0.147	15.9043161523286
0.148	16.1965483854457
0.149	16.5056771129375
0.15	16.8332210685627
0.151	17.1808864935908
0.152	17.5505969991902
0.153	17.9445293235384
0.154	18.3651563873668
0.155	18.8152994471261
0.156	19.2981916703501
0.157	19.8175561623291
0.158	20.3777024274195
0.159	20.9836465545537
0.16	21.6412622252529
0.161	22.3574721780380
0.162	23.1404933653286
0.163	24.0001542306384
0.164	24.9483101346814
0.165	25.9993942784531
0.166	27.1711586471638
0.167	28.4856861029508
0.168	29.9707969105528
