x_0	f(x)
0.249	0.00260972176111378
0.259	0.0790733772373861
0.269	0.137866137970877
0.279	0.184526120214265
0.289	0.222494366454482
0.299	0.254021785598890
0.309	0.280642865541523
0.319	0.303439792040724
0.329	0.323197735998863
0.339	0.340500267182439
0.349	0.355790201964518
0.359	0.369409663417450
0.369	0.381627193371558
0.379	0.392656549802902
0.389	0.402670020134553
0.399	0.411808030784563
0.409	0.420186202011233
0.419	0.427900606966341
0.429	0.435031746687382
0.439	0.441647592610962
0.449	0.447805942304821
0.459	0.453556262806765
0.469	0.458941147119368
0.479	0.463997475438531
0.489	0.468757348726866
0.499	0.473248845109816
0.509	0.477496637174652
0.519	0.481522499179315
0.529	0.485345726467404
0.539	0.488983484373417
0.549	0.492451100123976
0.559	0.495762308367954
0.569	0.498929458766317
0.579	0.501963692371763
0.589	0.504875092205297
0.599	0.507672812401055
0.609	0.510365189474573
0.619	0.512959838623145
0.629	0.515463737452025
0.639	0.517883299108402
0.649	0.520224436474521
0.659	0.522492618805384
0.669	0.524692921982320
0.679	0.526830073381637
0.689	0.528908492220061
0.699	0.530932326130114
0.709	0.532905484634964
0.719	0.534831670130722
0.729	0.536714406943206
0.739	0.538557069005360
0.749	0.540362906701813
0.759	0.542135073450892
0.769	0.543876652646319
0.779	0.545590685667971
0.789	0.547280201804617
0.799	0.548948251128512
0.809	0.550597941647847
0.819	0.552232482478186
0.829	0.553855235380100
0.839	0.555469777905875
0.849	0.557079982743370
0.859	0.558690119906644
0.869	0.560304991657727
0.879	0.561930115260931
0.889	0.563571977355863
0.899	0.565238398733176
0.909	0.566939075329633
0.919	0.568686412506942
0.929	0.570496872894239
0.939	0.572393281908002
0.949	0.574409067638874
0.959	0.576596841170026
0.969	0.579048245854422
0.979	0.581950261637036
0.989	0.585815584798090
0.999	0.594667052739280
