x_0	f(x)
0.001	0.694484580495644
0.002	0.701406454459450
0.003	0.706451754790763
0.004	0.710634107517639
0.005	0.714307971957940
0.006	0.717643585326320
0.007	0.720737279311265
0.008	0.723649458406002
0.009	0.726420786134574
0.01	0.729080107202487
0.011	0.731648724818107
0.012	0.734142886752387
0.013	0.736575315918489
0.014	0.738956197365915
0.015	0.741293839472672
0.016	0.743595131263488
0.017	0.745865867438061
0.018	0.748110984857992
0.019	0.750334738165241
0.02	0.752540832566414
0.021	0.754732525846837
0.022	0.756912707873028
0.023	0.759083963354425
0.024	0.761248621971916
0.025	0.763408798845628
0.026	0.765566427525717
0.027	0.767723287132552
0.028	0.769881024872876
0.029	0.772041174867739
0.03	0.774205174013760
0.031	0.776374375439574
0.032	0.778550059999017
0.033	0.780733446150994
0.034	0.782925698505606
0.035	0.785127935261601
0.036	0.787341234717552
0.037	0.789566641005657
0.038	0.791805169170426
0.039	0.794057809693280
0.04	0.796325532547041
0.041	0.798609290850482
0.042	0.800910024181930
0.043	0.803228661601766
0.044	0.805566124426127
0.045	0.807923328787998
0.046	0.810301188016693
0.047	0.812700614862528
0.048	0.815122523589916
0.049	0.817567831959183
0.05	0.820037463114896
0.051	0.822532347396446
0.052	0.825053424084856
0.053	0.827601643098348
0.054	0.830177966647929
0.055	0.832783370863268
0.056	0.835418847398237
0.057	0.838085405024791
0.058	0.840784071223255
0.059	0.843515893776619
0.06	0.846281942376026
0.061	0.849083310244369
0.062	0.851921115784644
0.063	0.854796504259581
0.064	0.857710649508941
0.065	0.860664755710855
0.066	0.863660059193559
0.067	0.866697830303965
0.068	0.869779375339597
0.069	0.872906038550585
0.07	0.876079204218612
0.071	0.879300298819930
0.072	0.882570793279903
0.073	0.885892205326814
0.074	0.889266101953117
0.075	0.892694101992707
0.076	0.896177878823315
0.077	0.899719163203653
0.078	0.903319746255561
0.079	0.906981482602068
0.08	0.910706293673053
0.081	0.914496171190962
0.082	0.918353180849988
0.083	0.922279466203070
0.084	0.926277252772183
0.085	0.930348852398561
0.086	0.934496667850806
0.087	0.938723197710295
0.088	0.943031041554822
0.089	0.947422905463205
0.09	0.951901607865433
0.091	0.956470085765046
0.092	0.961131401362748
0.093	0.965888749112744
0.094	0.970745463246132
0.095	0.975705025798716
0.096	0.980771075184015
0.097	0.985947415355999
0.098	0.991238025610211
0.099	0.996647071076546
