x_0	f(x)
0.001	-6732.49207158734
0.031	-2448.71411626765
0.061	-1329.27986729070
0.091	-592.681103817460
0.121	-58.1576167316670
0.151	278.640916485744
0.181	432.900408858915
0.211	464.732204256580
0.241	434.480269449065
0.271	381.248750471604
0.301	322.560943610801
0.331	264.177220753041
0.361	207.348045455642
0.391	152.017264425197
0.421	97.8557401871635
0.451	44.5156339444073
0.481	-8.32823424322498
0.511	-60.9824842653543
0.541	-113.746340993391
0.571	-166.923462190644
0.601	-220.834432220613
0.631	-275.831125496249
0.661	-332.314695544899
0.691	-390.759804899485
0.721	-451.749335981318
0.751	-516.026975414596
0.781	-584.581459973218
0.811	-658.790142897322
0.841	-740.682389430961
0.871	-833.470630587043
0.901	-942.768394175558
0.931	-1079.97508913493
0.961	-1275.36620850367
0.991	-1697.61168880500
