x_0	f(x)
0.001	-6732.49207158734
0.002	-5990.24508683419
0.003	-5533.91384905747
0.004	-5198.92332765768
0.005	-4932.08156242115
0.006	-4709.18414775661
0.007	-4517.10086571903
0.008	-4347.88341035411
0.009	-4196.34244402502
0.01	-4058.89655914294
0.011	-3932.96657249343
0.012	-3816.63135570179
0.013	-3708.42019261013
0.014	-3607.18131824374
0.015	-3511.99532154614
0.016	-3422.11617319195
0.017	-3336.92991409892
0.018	-3255.92500207872
0.019	-3178.67057038498
0.02	-3104.80018723038
0.021	-3033.99952242666
0.022	-2965.99684214816
0.023	-2900.55558575566
0.024	-2837.46849895956
0.025	-2776.55294648949
0.026	-2717.64712994794
0.027	-2660.60700831809
0.028	-2605.30376966124
0.029	-2551.62173938226
0.03	-2499.45663737291
0.031	-2448.71411626765
0.032	-2399.30852795334
0.033	-2351.16187674280
0.034	-2304.20292622249
0.035	-2258.36643340901
0.036	-2213.59248899274
0.037	-2169.82594647451
0.038	-2127.01592617671
0.039	-2085.11538263197
0.04	-2044.08072586875
0.041	-2003.87148873421
0.042	-1964.45003370662
0.043	-1925.78129371663
0.044	-1887.83254236899
0.045	-1850.57318967403
0.046	-1813.97459998955
0.047	-1778.00992936544
0.048	-1742.65397989208
0.049	-1707.88306899540
0.05	-1673.67491190880
0.051	-1640.00851579394
0.052	-1606.86408418645
0.053	-1574.22293061656
0.054	-1542.06740040160
0.055	-1510.38079973352
0.056	-1479.14733129215
0.057	-1448.35203570732
0.058	-1417.98073827265
0.059	-1388.02000038223
0.06	-1358.45707522094
0.061	-1329.27986729070
0.062	-1300.47689539943
0.063	-1272.03725877892
0.064	-1243.95060603176
0.065	-1216.20710663730
0.066	-1188.79742477327
0.067	-1161.71269523258
0.068	-1134.94450123561
0.069	-1108.48485395643
0.07	-1082.32617359765
0.071	-1056.46127186327
0.072	-1030.88333569180
0.073	-1005.58591212376
0.074	-980.562894188461
0.075	-955.808507704304
0.076	-931.317298896087
0.077	-907.084122740566
0.078	-883.104131959143
0.079	-859.372766583379
0.08	-835.885744025354
0.081	-812.639049590904
0.082	-789.628927379180
0.083	-766.851871517227
0.084	-744.304617683061
0.085	-721.984134875278
0.086	-699.887617391493
0.087	-678.012476981934
0.088	-656.356335148308
0.089	-634.917015561577
0.09	-613.692536575690
0.091	-592.681103817460
0.092	-571.881102835713
0.093	-551.291091795686
0.094	-530.909794207188
0.095	-510.736091677550
0.096	-490.769016682596
0.097	-471.007745351038
0.098	-451.451590259601
0.099	-432.099993238009
0.1	-412.952518184598
0.101	-394.008843894833
0.102	-375.268756906324
0.103	-356.732144365194
0.104	-338.398986919710
0.105	-320.269351648008
0.106	-302.343385027602
0.107	-284.621305955030
0.108	-267.103398824569
0.109	-249.790006675424
0.11	-232.681524417128
0.111	-215.778392143142
0.112	-199.081088542818
0.113	-182.590124421895
0.114	-166.306036341720
0.115	-150.229380387237
0.116	-134.360726073617
0.117	-118.700650401145
0.118	-103.249732067647
0.119	-88.0085458473825
0.12	-72.9776571448714
0.121	-58.1576167316670
0.122	-43.5489556735657
0.123	-29.1521804551684
0.124	-14.9677683081617
0.125	-0.996162749035648
0.126	12.7622306686358
0.127	26.3070483829086
0.128	39.6379726293524
0.129	52.7547350209791
0.13	65.6571198997267
0.131	78.3449674576837
0.132	90.8181766269093
0.133	103.076707737332
0.134	115.120584942864
0.135	126.473863306434
0.136	137.552788688631
0.137	148.420227657071
0.138	159.076441401696
0.139	169.521764419779
0.14	179.756605565899
0.141	189.781448888143
0.142	199.596854255032
0.143	209.203457778098
0.144	218.601972035407
0.145	227.793186101767
0.146	236.777965391623
0.147	245.557251321005
0.148	254.132060795163
0.149	262.503485528746
0.15	270.672691205643
0.151	278.640916485744
0.152	286.409471866081
0.153	293.979738403898
0.154	301.353166309323
0.155	308.531273415376
0.156	315.515643533099
0.157	322.307924699596
0.158	328.909827326794
0.159	335.323122258665
0.16	341.549638744648
0.161	347.591262336885
0.162	353.449932718827
0.163	359.127641472641
0.164	364.626429792719
0.165	369.948386152432
0.166	375.095643931144
0.167	380.070379008284
0.168	384.874807331118
0.169	389.511182462640
0.17	393.981793115815
0.171	398.288960680171
0.172	402.435036746516
0.173	406.422400635324
0.174	410.253456934100
0.175	413.930633048784
0.176	417.456376774013
0.177	420.833153886809
0.178	424.063445768010
0.179	427.149747055523
0.18	430.094563333199
0.181	432.900408858915
0.182	435.569804335177
0.183	438.105274725315
0.184	440.509347118118
0.185	442.784548643480
0.186	444.933404441447
0.187	446.958435686767
0.188	448.862157670877
0.189	450.647077942988
0.19	452.315694511767
0.191	453.870494108871
0.192	455.313950515411
0.193	456.648522952212
0.194	457.876654534571
0.195	459.000770792025
0.196	460.023278253461
0.197	460.946563097757
0.198	461.772989869975
0.199	462.504900262974
0.2	463.144611964186
0.201	463.694417567154
0.202	464.156583547303
0.203	464.533349301318
0.204	464.826926249355
0.205	465.039496999264
0.206	465.173214571839
0.207	465.230201686095
