x_0	f(x)
0.001	-2407.67919121971
0.011	-1387.73751649205
0.021	-1058.11405071517
0.031	-843.082066614009
0.041	-682.819035868065
0.051	-553.465288629878
0.062	-431.672079316959
0.075	-312.336046187489
0.091	-196.498621869559
0.108	-80.2833271144604
0.125071935637150	0
0.128	19.4203428604135
0.15	114.003986900873
0.177	195.506467533381
0.204	266.392051464484
0.233	328.173414113642
0.265	374.666097568080
0.299	408.949244850075
0.334	431.533641147194
0.371	443.388834555992
0.397817620246322	446.021271665637
0.41	445.731813878088
0.449	439.916672885540
0.489	427.809411857352
0.528	410.868566390832
0.568	390.373628562577
0.607	366.234711370122
0.645	341.489677620142
0.681	315.681779340958
0.716	289.219277880680
0.749	261.085949284829
0.78	234.012373754672
0.808	206.824726439447
0.834	179.578233461812
0.858	152.302684531701
0.879	123.713719847731
0.898	96.4180401065977
0.915	69.1197786151824
0.93	41.8204493907713
0.942	14.5206975043658
0.953	-14.0792122401489
0.963	-43.9791824769085
0.973	-82.9791727378987
0.983	-137.579170758453
0.993	-228.579170590319
