x_0	f(x)
0.001	-1131
0.011	-665
0.021	-515
0.031	-417
0.041	-343
0.051	-283
0.061	-231
0.071	-185
0.081	-144
0.091	-107
0.101	-73
0.111	-41
0.121	-11
0.125071935637150	0
0.131	16
0.141	43
0.151	68
0.161	93
0.171	116
0.181	139
0.191	160
0.201	181
0.206841776695705	194
0.211	202
0.221	222
0.231	241
0.241	260
0.251	279
0.261	297
0.271	315
0.281	332
0.291	349
0.301	366
0.311	383
0.321	399
0.331	415
0.341	431
0.351	447
0.361	463
0.371	478
0.381	494
0.391	509
0.401	524
0.411	539
0.421	554
0.431	569
0.441	584
0.451	599
0.461	613
0.471	628
0.481	643
0.491	657
0.501	672
0.511	686
0.521	701
0.531	716
0.541	730
0.551	745
0.561	760
0.571	775
0.581	790
0.591	805
0.601	820
0.611	835
0.621	850
0.631	865
0.641	881
0.651	897
0.661	913
0.671	929
0.681	945
0.691	961
0.701	978
0.711	995
0.721	1012
0.731	1030
0.741	1047
0.751	1066
0.761	1084
0.771	1103
0.781	1123
0.791	1143
0.801	1163
0.811	1185
0.821	1207
0.831	1229
0.841	1253
0.851	1277
0.861	1303
0.871	1330
0.881	1359
0.891	1389
0.901	1421
0.911	1456
0.921	1494
0.931	1536
0.941	1582
0.951	1636
0.961	1698
0.971	1776
0.981	1881
0.991	2050
