x_0	f(x)
0.001	-209
0.002	-187
0.003	-174
0.004	-165
0.005	-157
0.006	-151
0.007	-145
0.008	-140
0.009	-136
0.01	-132
0.011	-129
0.012	-125
0.013	-122
0.014	-119
0.015	-117
0.016	-114
0.017	-112
0.018	-109
0.019	-107
0.02	-105
0.021	-103
0.022	-101
0.023	-99
0.024	-97
0.025	-95
0.026	-94
0.027	-92
0.028	-91
0.029	-89
0.03	-88
0.031	-86
0.032	-85
0.033	-83
0.034	-82
0.035	-81
0.036	-79
0.037	-78
0.038	-77
0.039	-76
0.04	-75
0.041	-73
0.042	-72
0.043	-71
0.044	-70
0.045	-69
0.046	-68
0.047	-67
0.048	-66
0.049	-65
0.05	-64
0.051	-63
0.052	-62
0.053	-61
0.054	-60
0.055	-59
0.056	-58
0.058	-57
0.059	-56
0.06	-55
0.061	-54
0.062	-53
0.064	-52
0.065	-51
0.066	-50
0.067	-49
0.069	-48
0.07	-47
0.071	-46
0.073	-45
0.074	-44
0.075	-43
0.077	-42
0.078	-41
0.08	-40
0.081	-39
0.083	-38
0.084	-37
0.086	-36
0.087	-35
0.089	-34
0.091	-33
0.092	-32
0.094	-31
0.096	-30
0.097	-29
0.099	-28
0.101	-27
0.103	-26
0.104	-25
0.106	-24
0.108	-23
0.11	-22
0.112	-21
0.114	-20
0.116	-19
0.118	-18
0.12	-17
0.122	-16
0.124	-15
0.126	-14
0.128	-13
0.13	-12
0.132	-11
0.134	-10
0.136	-9
0.138	-8
0.141	-7
0.143	-6
0.145	-5
0.147	-4
0.15	-3
0.152	-2
0.154	-1
0.157	0
0.162	1
0.164	2
0.167	3
0.169	4
0.172	5
0.174	6
0.177	7
0.179	8
0.182	9
0.185	10
0.187	11
0.19	12
0.193	13
0.195	14
0.198	15
0.201	16
0.204	17
0.207	18
0.209	19
0.212	20
0.215	21
0.218	22
0.221	23
0.224	24
0.227	25
0.23	26
0.233	27
0.236	28
0.239	29
0.242	30
0.246	31
0.249	32
0.252	33
0.255	34
0.258	35
0.262	36
0.265	37
0.268	38
0.271	39
0.275	40
0.278	41
0.281	42
0.285	43
0.288	44
0.292	45
0.295	46
0.299	47
0.302	48
0.306	49
0.309	50
0.313	51
0.316	52
0.32	53
0.323	54
0.327	55
0.33	56
0.334	57
0.338	58
0.341	59
0.345	60
0.349	61
0.352	62
0.356	63
0.36	64
0.364	65
0.367	66
0.371	67
0.375	68
0.379	69
0.383	70
0.386	71
0.39	72
0.394	73
0.398	74
0.402	75
0.406	76
0.41	77
0.413	78
0.417	79
0.421	80
0.425	81
0.429	82
0.433	83
0.437	84
0.441	85
0.445	86
0.449	87
0.453	88
0.457	89
0.461	90
0.465	91
0.469	92
0.473	93
0.477	94
0.481	95
0.485	96
0.489	97
0.493	98
0.497	99
0.5	100
0.504	101
0.508	102
0.512	103
0.516	104
0.52	105
0.524	106
0.528	107
0.532	108
0.536	109
0.54	110
0.544	111
0.548	112
0.552	113
0.556	114
0.56	115
0.564	116
0.568	117
0.572	118
0.576	119
0.58	120
0.584	121
0.588	122
0.591	123
0.595	124
0.599	125
0.603	126
0.607	127
0.611	128
0.615	129
0.618	130
0.622	131
0.626	132
0.63	133
0.634	134
0.637	135
0.641	136
0.645	137
0.649	138
0.652	139
0.656	140
0.66	141
0.663	142
0.667	143
0.671	144
0.674	145
0.678	146
0.681	147
0.685	148
0.688	149
0.692	150
0.695	151
0.699	152
0.702	153
0.706	154
0.709	155
0.713	156
0.716	157
0.72	158
0.723	159
0.726	160
0.73	161
0.733	162
0.736	163
0.739	164
0.743	165
0.746	166
0.749	167
0.752	168
0.755	169
0.759	170
0.762	171
0.765	172
0.768	173
0.771	174
0.774	175
0.777	176
0.78	177
0.783	178
0.786	179
0.789	180
0.792	181
0.794	182
0.797	183
0.8	184
0.803	185
0.806	186
0.808	187
0.811	188
0.814	189
0.816	190
0.819	191
0.822	192
0.824	193
0.827	194
0.829	195
0.832	196
0.834	197
0.837	198
0.839	199
0.842	200
0.844	201
0.847	202
0.849	203
0.851	204
0.854	205
0.856	206
0.858	207
0.86	208
0.863	209
0.865	210
0.867	211
0.869	212
0.871	213
0.873	214
0.875	215
0.877	216
0.879	217
0.881	218
0.883	219
0.885	220
0.887	221
0.889	222
0.891	223
0.893	224
0.895	225
0.897	226
0.898	227
0.9	228
0.902	229
0.904	230
0.905	231
0.907	232
0.909	233
0.91	234
0.912	235
0.914	236
0.915	237
0.917	238
0.918	239
0.92	240
0.921	241
0.923	242
0.924	243
0.926	244
0.927	245
0.928	246
0.93	247
0.931	248
0.932	249
0.934	250
0.935	251
0.936	252
0.937	253
0.939	254
0.94	255
0.941	256
0.942	257
0.943	258
0.945	259
0.946	260
0.947	261
0.948	262
0.949	263
0.95	264
0.951	265
0.952	266
0.953	267
0.954	268
0.955	269
0.956	270
0.957	271
0.958	272
0.959	273
0.96	275
0.961	276
0.962	277
0.963	278
0.964	279
0.965	281
0.966	282
0.967	283
0.968	285
0.969	286
0.97	288
0.971	289
0.972	291
0.973	292
0.974	294
0.975	295
0.976	297
0.977	299
0.978	301
0.979	303
0.98	305
0.981	307
0.982	309
0.983	312
0.984	314
0.985	317
0.986	319
0.987	322
0.988	325
0.989	329
0.99	332
0.991	336
0.992	340
0.993	345
0.994	351
0.995	357
0.996	365
0.997	374
0.998	387
0.999	409
