x_0	f(x)
0.001	1696.9868192166664
0.006	1292.32523445052
0.011	1137.0817193978842
0.016	1034.911639537485
0.021	957.2883093763326
0.026	894.0178306727437
0.031	840.231225319872
0.036	793.2068796857743
0.041	751.2625705988737
0.046	713.2827424095374
0.051	678.4880156712521
0.056	646.3114948351715
0.061	616.3273904789205
0.066	588.207411193968
0.071	561.6928636711589
0.076	536.576109477265
0.081	512.6878394574439
0.086	489.8880986997875
0.091	468.0598055893323
0.096	447.1039745593499
0.101	426.93613030358796
0.106	407.48357268848014
0.111	388.68326037309544
0.116	370.48015190539587
0.121	352.8258901495321
0.126	335.67774787408484
0.131	318.99777444703926
0.136	302.75209913710097
0.141	286.9103576274991
0.146	271.44521639066375
0.151	256.3319754707113
0.156	241.5482345984684
0.161	227.0736108486993
0.166	212.8894985393129
0.171	198.9788639779078
0.176	185.32606913223452
0.181	171.9167194464756
0.186	158.73753192379627
0.191	145.77622030573536
0.196	133.02139474407426
0.201	120.46247381338162
0.206	108.08960707711967
0.211	95.89360671577256
0.216	83.86588696633584
0.221	71.99841031984053
0.226	60.28363958604106
0.231	48.71449506877448
0.236	37.28431620714369
0.241	25.98682713084696
0.246	14.816105656025599
0.251	3.7665553136606604
0.256	-7.167119942025579
0.261	-17.989938650741152
0.266	-28.706662654521836
0.271	-39.32181602894707
0.276	-49.83970233962833
0.281	-60.264420401409836
0.286	-70.59987869619431
0.291	-80.84980858672407
0.296	-91.01777644755975
0.301	-101.10719482055043
0.306	-111.12133268994086
0.311	-121.06332496167755
0.316	-130.93618122222392
0.321	-140.74279384408686
0.326	-150.48594549814362
0.331	-160.1683161265974
0.336	-169.7924894248751
0.341	-179.3609588759063
0.346	-188.87613337591415
0.351	-198.3403424870291
0.356	-207.75584134864016
0.361	-217.1248152763904
0.366	-226.44938407502957
0.371	-235.73160608894727
0.376	-244.97348201206495
0.381	-254.17695847685866
0.386	-263.34393144056304
0.391	-272.4762493850803
0.396	-281.5757163457319
0.401	-290.6440947827618
0.406	-299.6831083083785
0.411	-308.69444428113496
0.416	-317.679756278536
0.421	-326.64066645795816
0.426	-335.57876781523936
0.431	-344.4956263496394
0.436	-353.3927831432812
0.441	-362.27175636266014
0.446	-371.1340431893249
0.451	-379.98112168641745
0.456	-388.81445260737377
0.461	-397.63548115275347
0.466	-406.4456386808627
0.471	-415.2463443775768
0.476	-424.03900689053336
0.481	-432.82502593266946
0.486	-441.6057938599068
0.491	-450.3826972276457
0.496	-459.1571183306107
0.501	-467.93043673050323
0.506	-476.7040307758479
0.511	-485.4792791183772
0.516	-494.2575622302807
0.521	-503.0402639266509
0.526	-511.8287728974836
0.531	-520.6244842536437
0.536	-529.4288010912842
0.541	-538.2431360793057
0.546	-547.0689130745714
0.551	-555.907568769743
0.556	-564.7605543787922
0.561	-573.629337365443
0.566	-582.5154032200542
0.571	-591.4202572907213
0.576	-600.3454266746969
0.581	-609.2924621765774
0.586	-618.2629403401072
0.591	-627.2584655608889
0.596	-636.2806722877906
0.601	-645.3312273213883
0.606	-654.4118322183997
0.611	-663.524225811746
0.616	-672.6701868566413
0.621	-681.8515368139513
0.626	-691.0701427830006
0.631	-700.3279205970516
0.636	-709.6268380958422
0.641	-718.9689185908517
0.646	-728.356244540413
0.651	-737.7909614533869
0.656	-747.2752820419071
0.661	-756.8114906457017
0.666	-766.4019479527442
0.671	-776.0490960434779
0.676	-785.7554637886913
0.681	-795.5236726342621
0.686	-805.3564428095585
0.691	-815.2566000002885
0.696	-825.2270825311127
0.701	-835.2709491084588
0.706	-845.3913871797745
0.711	-855.5917219720459
0.716	-865.8754262798941
0.721	-876.2461310821222
0.726	-886.7076370753261
0.731	-897.2639272243832
0.736	-907.9191804424522
0.741	-918.6777865278882
0.746	-929.5443625025164
0.751	-940.5237705154
0.756	-951.6211374991058
0.761	-962.8418767920289
0.766	-974.1917119713667
0.771	-985.6767031775896
0.776	-997.3032762538628
0.781	-1009.0782550740221
0.786	-1021.0088974920018
0.791	-1033.1029354159318
0.796	-1045.3686195938706
0.801	-1057.814769798238
0.806	-1070.4508312161977
0.811	-1083.2869379981253
0.816	-1096.3339850918062
0.821	-1109.603709703577
0.826	-1123.1087839889008
0.831	-1136.8629208961352
0.836	-1150.8809954845333
0.841	-1165.1791845317648
0.846	-1179.7751278648625
0.851	-1194.688115628084
0.856	-1209.93930669041
0.861	-1225.5519846601728
0.866	-1241.5518596042632
0.871	-1257.9674256878466
0.876	-1274.8303877291694
0.881	-1292.1761733442136
0.886	-1310.0445522815658
0.891	-1328.4803912152913
0.896	-1347.5345813997533
0.901	-1367.2651892763624
0.906	-1387.7388979935854
0.911	-1409.032833377999
0.916	-1431.2369051370974
0.921	-1454.4568493513693
0.926	-1478.8182421120882
0.931	-1504.471884235738
0.936	-1531.6011643159027
0.941	-1560.432347907196
0.946	-1591.2493194309557
0.951	-1624.4153267465572
0.956	-1660.4061729230762
0.961	-1699.8630036044756
0.966	-1743.6805699032852
0.971	-1793.1643418950898
0.976	-1850.3336948281658
0.981	-1918.5741091761192
0.986	-2004.27625874954
0.991	-2122.1084839058076
0.996	-2322.6246606323402
